0,100,0 -.4 -.2 0
16
4 100,220,190 -100,220,190 -100,420,190 100,420,190 C 210,180,150
4 100,220,170 -100,220,170 -100,420,170 100,420,170 C 210,180,150
4 -100,220,170 -100,420,170 -100,420,190 -100,220,190 C 205,175,145
4 -100,420,170 -100,420,190 100,420,190 100,420,170 C 205,175,145
4 -100,220,10 100,220,10 100,220,190 -100,220,190 C 200,170,140
4 -100,200,10 100,200,10 100,200,190 -100,200,190 C 200,170,140
4 -100,220,10 -100,200,10 100,200,10 100,220,10 C 200,170,140
4 -100,200,10 -100,200,190 -100,220,190 -100,220,10 C 200,170,140
4 -100,0,10 -80,0,10 -80,200,10 -100,200,10 C 159,138,118
4 -100,0,10 -100,200,10 -100,200,30 -100,0,30 C 159,138,118
4 100,0,10 80,0,10 80,200,10 100,200,10 C 159,138,118
4 80,0,10 80,200,10 80,200,30 80,0,30 C 159,138,118
4 -100,0,170 -80,0,170 -80,200,170 -100,200,170 C 159,138,118
4 -100,0,170 -100,200,170 -100,200,190 -100,0,190 C 159,138,118
4 100,0,170 80,0,170 80,200,170 100,200,170 C 159,138,118
4 80,0,170 80,200,170 80,200,190 80,0,190 C 159,138,118
